94516
94569
94522
94524
94527
94529
94570
94802
94807
94808
94820
94850
94505
94601
94597
94604
94605
94502
94602
94503
94603
94589
94587
94588
95628
94514
94618
94403
94621
95035
94619
94609
94501
94608
94607
94606
94613
94612
93292
94611
94610
94661
94702
94703
94704
94705
94660
95666
94806
94707
94706
94709
94708
94062
94710
94720
94577
94580
94578
95129
95128
94579
94586
94582
94557
94555
94560
94558
94565
94568
94566
94537
94538
94539
94541
94542
94544
94545
95391
94546
95603
94550
94551
94552
95377
95376
94536
94599
94573
94508
94576
94574
94590
95442
95476
94515
94591
94559
95687
94562
94533
94567
95461
95430
95433
95436
95439
95441
95444
95445
95446
95409
95412
95416
95419
95421
95422
95425
94109
95465
95471
95472
95480
95473
95486
95450
95448
95452
95462
94926
94922
94923
95497
13329
95492
94931
95330
94928
95407
95406
94972
95405
95404
95403
95402
95401
94954
94951
94952
94158
94510
94571
95625
94585
95694
94512
94592
95690
95616
95618
94553
94561
95620
95688
93501
95918
94534
94535
95361
95252
95254
95253
95236
95234
95240
95237
95242
95126
95351
95632
93660
95227
95825
95686
95230
95231
95215
95219
95336
95220
95337
95320
95385
95202
95203
95204
95304
95205
95258
95210
95212
95297
95206
95207
95648
95366
95208
95296
95367
95209
94924
94925
94920
94913
94904
94901
94903
94949
94948
94947
94946
94945
94037
94941
94940
94939
94938
94563
94937
94933
94930
94929
94970
94971
94960
94963
94105
94964
94965
94956
94957
94950
94953
90266
94973
95650
95012
94134
95023
94402
94401
94404
94112
94107
94102
94303
94301
94089
89431
94074
94080
94066
94070
94063
94065
94014
94013
94015
94018
94020
94019
94021
94024
94025
94028
94027
94030
94038
94044
94060
94061
97701
46123
21401
94002
94011
94005
94010
94103
94104
94108
94110
94111
94114
94115
94116
94117
94118
94121
94122
94123
94124
94127
94129
94130
94131
94132
94133
95002
95008
95013
95014
95020
94022
95030
95032
95037
95140
94040
94041
94043
94304
94306
95117
95118
95119
95120
95121
95122
95123
95124
95125
95148
95127
95130
95131
95132
95133
95110
95111
95134
95135
95136
95112
95113
95116
95138
95139
95046
95050
95051
95053
95054
95070
94305
94085
94086
94087
94509
94513
94521
94531
94804
94520
94583
94523
94526
94801
94549
94518
94598
94803
94547
94530
94506
94596
94519
94564
94595
94556
94507
94805
94517
94572
94525
94511
94575
94528
94548
94516
94569
94522
94524
94527
94529
94570
94802
94807
94808
94820
94850
94505
94601
94597
94604
94605
94502
94602
94503
94603
94589
94587
94588
95628
94514
94618
94403
94621
95035
94619
94609
94501
94608
94607
94606
94613
94612
93292
94611
94610
94661
94702
94703
94704
94705
94660
95666
94806
94707
94706
94709
94708
94062
94710
94720
94577
94580
94578
95129
95128
94579
94586
94582
94557
94555
94560
94558
94565
94568
94566
94537
94538
94539
94541
94542
94544
94545
95391
94546
95603
94550
94551
94552
95377
95376
94536
94599
94573
94508
94576
94574
94590
95442
95476
94515
94591
94559
95687
94562
94533
94567
95461
95430
95433
95436
95439
95441
95444
95445
95446
95409
95412
95416
95419
95421
95422
95425
94109
95465
95471
95472
95480
95473
95486
95450
95448
95452
95462
94926
94922
94923
95497
13329
95492
94931
95330
94928
95407
95406
94972
95405
95404
95403
95402
95401
94954
94951
94952
94158
94510
94571
95625
94585
95694
94512
94592
95690
95616
95618
94553
94561
95620
95688
93501
95918
94534
94535
95361
95252
95254
95253
95236
95234
95240
95237
95242
95126
95351
95632
93660
95227
95825
95686
95230
95231
95215
95219
95336
95220
95337
95320
95385
95202
95203
95204
95304
95205
95258
95210
95212
95297
95206
95207
95648
95366
95208
95296
95367
95209
94924
94925
94920
94913
94904
94901
94903
94949
94948
94947
94946
94945
94037
94941
94940
94939
94938
94563
94937
94933
94930
94929
94970
94971
94960
94963
94105
94964
94965
94956
94957
94950
94953
90266
94973
95650
95012
94134
95023
94402
94401
94404
94112
94107
94102
94303
94301
94089
89431
94074
94080
94066
94070
94063
94065
94014
94013
94015
94018
94020
94019
94021
94024
94025
94028
94027
94030
94038
94044
94060
94061
97701
46123
21401
94002
94011
94005
94010
94103
94104
94108
94110
94111
94114
94115
94116
94117
94118
94121
94122
94123
94124
94127
94129
94130
94131
94132
94133
95002
95008
95013
95014
95020
94022
95030
95032
95037
95140
94040
94041
94043
94304
94306
95117
95118
95119
95120
95121
95122
95123
95124
95125
95148
95127
95130
95131
95132
95133
95110
95111
95134
95135
95136
95112
95113
95116
95138
95139
95046
95050
95051
95053
95054
95070
94305
94085
94086
94087
94509
94513
94521
94531
94804
94520
94583
94523
94526
94801
94549
94518
94598
94803
94547
94530
94506
94596
94519
94564
94595
94556
94507
94805
94517
94572
94525
94511
94575
94528
94548